0.618699
0.000000
0.288374
0.000000
0.768303
1.823165
1.009150
0.000000
0.224148
0.000000
0.224001
0.000000
0.032010
0.000000
0.000000
1.249522
0.063528
0.000000
0.000000
0.095676
0.000000
0.095705
0.000000
0.000000
0.000000
0.128000
0.063784
0.031882
0.000000
0.000000
0.031478
0.063990
0.000000
0.000000
0.833046
0.096403
0.000000
0.000000
0.000000
0.000000
0.224030
0.063902
0.000000
0.000000
0.000000
0.032010
0.000000
0.000000
0.163489
0.223794
0.320227
0.064069
0.063538
0.000000
0.000000
0.031606
0.095882
0.000000
0.063469
0.000000
0.352080
0.000000
0.127764
0.000000
0.000000
0.993673
0.000000
0.000000
0.127597
0.227940
0.000000
0.000000
0.000000
0.352081
0.000000
0.000000
0.000000
0.065470
0.000000
0.000000
0.000000
0.191617
0.031685
0.000000
0.000000
1.313388
0.000000
0.031360
0.000000
0.001447
0.029835
0.000000
0.000000
0.000000
0.000000
0.031488
0.031370
0.032010
0.000000
0.000000
0.128118
0.063331
0.000000
0.031291
0.063941
0.000000
0.000000
0.000000
0.000000
0.159774
0.031085
0.000000
0.000000
0.000000
0.255844
0.255893
0.000039
0.256040
0.000000
0.031931
0.320070
0.000000
0.031724
0.000000
0.897525
0.191775
0.000000
0.031882
0.000000
0.159971
0.032550
0.000000
0.383688
0.000000
0.127597
0.000000
0.095262
0.031931
0.000000
0.063538
0.000000
0.159607
0.000000
0.000000
0.159489
0.095636
0.000000
0.000000
0.000000
0.191431
0.000000
0.416983
0.000000
1.345913
0.031931
0.000000
0.031921
0.031488
0.000000
0.288021
0.000000
0.000000
0.195360
0.095666
0.000000
0.000000
0.000000
0.095636
0.000000
0.190743
0.063577
0.000000
0.000000
0.064108
0.000000
0.031528
0.000118
0.000000
0.000000
0.064098
0.255559
0.031852
0.000000
1.057528
0.063705
0.095459
0.000000
0.063951
0.000000
0.032089
0.000000
0.000000
0.031882
0.000000
0.095941
0.064148
0.000000
0.000000
0.000000
0.127971
0.000000
0.000000
0.000000
0.000000
0.127853
0.000000
0.191657
0.000000
0.000000
0.000000
0.095656
0.000000
0.063183
0.032256
0.000000
0.000000
0.000000
0.320110
0.095902
0.000000
0.000000
1.217823
0.000000
0.127912
0.032345
0.000000
0.000000
0.160580
0.127027
0.000000
0.000000
1.698282
0.256168
0.191824
0.000000
0.000000
0.000000
0.095990
0.159774
0.128010
0.000000
0.063459
0.000000
0.032550
0.000000
0.000000
0.128374
0.063459
0.000000
0.000000
0.000000
0.000000
0.063577
0.095430
0.000000
0.000000
0.000000
0.095676
0.063774
0.000000
0.000000
0.416758
0.000000
0.063420
0.000000
0.191902
0.000000
0.062298
0.128285
0.000000
0.031803
0.000000
0.000000
0.000000
0.000167
0.000000
0.000000
0.095272
0.255795
0.000000
0.000210
0.000000
0.095626
0.000000
0.095479
0.000000
0.000000
0.000000
0.000000
1.377681
0.000000
0.000000
0.128079
0.000000
0.127400
0.000000
0.031685
0.192020
0.000000
0.000000
0.032680
0.031154
0.000000
0.000000
0.191902
0.031803
0.000000
0.000000
0.096266
0.000000
0.000000
0.000000
0.159686
0.000000
0.000000
0.000000
0.063980
0.223706
0.000000
0.000000
0.000000
0.095990
0.191735
0.000000
0.000000
0.000000
0.031646
0.097700
0.000000
0.095823
0.000000
0.256404
0.000000
0.097770
0.000000
0.127558
0.000000
0.095715
0.000000
0.095469
0.000000
0.000000
0.095498
0.128049
0.000000
0.000000
0.000000
0.095233
0.227940
0.000000
0.031370
0.000000
0.095833
0.000000
0.031931
0.000000
0.000000
0.833612
1.281251
0.095833
0.096108
0.000000
0.000000
0.000000
0.127155
0.000128
0.000000
0.000000
0.031695
0.031596
0.000000
0.000000
0.000000
1.121714
0.063301
0.000000
0.000000
0.000000
0.000000
0.000000
0.000000
0.160256
0.000000
0.000000
0.127597
0.000000
0.127961
0.000000
0.000000
0.224394
0.000000
0.000000
0.096079
0.000000
0.064394
0.000000
0.159853
0.000000
0.031478
0.000000
0.063931
0.031488
0.000000
0.159253
0.352002
0.000000
0.191942
0.000000
0.000000
0.000000
0.160374
0.227990
0.000000
0.191214
0.000000
0.190015
0.191991
0.000000
0.000000
0.000000
0.737064
0.063488
0.000000
0.000000
1.409779
0.000000
0.293130
0.000000
0.127764
0.000000
0.000000
0.031774
0.160246
0.000000
0.000000
0.000000
0.191539
0.064098
0.000000
0.000000
0.063656
0.000000
0.031734
0.032680
0.000000
0.095538
0.000000
0.000000
0.000000
0.096079
0.000000
0.000000
0.000000
0.127597
0.063823
0.000000
0.000000
0.000000
0.130659
0.000000
0.000000
0.095626
0.000000
0.000000
0.191696
0.096394
0.000000
0.000000
0.000000
0.095538
0.063469
0.000000
0.000000
0.000000
0.192345
0.000000
0.158958
0.000000
0.000000
1.057372
0.000000
0.351894
0.064010
0.063744
0.000000
0.095676
0.000000
0.031646
0.127961
0.000000
0.000000
0.864715
1.377603
0.031931
0.000000
0.095548
0.000000
0.000000
0.032039
0.095754
0.000000
0.191991
0.127646
0.000000
0.000000
0.000000
0.000000
0.159774
0.000000
0.000000
0.000000
0.000000
0.000000
0.127509
0.000000
0.128049
0.000000
0.031724
0.000000
0.127676
0.000000
0.000000
0.000000
0.352600
0.159411
0.000000
0.063931
0.000000
0.000000
0.256315
0.000000
0.000000
0.031360
0.063420
0.064177
0.127843
0.064108
0.000000
0.224109
0.160010
0.287579
0.000000
0.032000
0.191627
0.000000
0.000000
0.031695
0.000000
0.000000
0.127518
0.000000
0.191509
0.032550
0.000000
0.000000
0.384375
0.095715
0.000000
1.409701
0.000000
0.000000
0.000000
0.000000
0.000000
0.000000
0.000000
0.158890
0.095548
0.000000
0.000000
0.031242
0.000000
0.608936
0.000000
0.063606
0.000000
0.063370
0.288227
0.000000
0.063449
0.000000
0.000000
0.128364
0.000000
0.000000
0.000000
0.095715
0.032670
0.000000
0.000000
0.223765
0.096069
0.000000
0.512269
0.000000
0.448121
0.000000
0.095666
0.031567
0.000000
0.095351
0.223785
0.033457
0.000000
0.000000
0.162920
0.000000
0.159204
0.000000
0.127204
0.000000
0.288021
0.000000
0.063774
0.000000
0.000000
0.031616
0.063931
0.000000
0.000000
0.095961
0.000000
0.000000
0.000000
0.000000
0.095921
0.097990
0.063370
0.063666
0.000000
0.063213
0.128207
0.000000
0.351963
0.000000
0.000000
0.000000
0.128079
0.000000
0.000000
0.000000
0.383963
0.000000
0.159647
0.000000
0.031724
0.063577
0.000000
0.000000
0.093246
0.000000
0.000000
0.448278
0.191942
0.000000
0.000000
1.217152
0.000000
0.000000
0.127715
0.000000
0.000000
0.480562
0.000000
0.063459
0.031892
0.000000
0.000000
0.063912
0.000000
0.000000
0.159774
0.063577
0.000000
0.000000
0.000000
0.000000
0.000000
0.063528
0.096403
0.000000
0.032670
0.031203
0.000039
0.095479
0.095980
0.000000
0.032640
0.000000
0.000000
0.191342
0.032089
0.000000
0.000000
0.000000
0.192551
0.000000
0.063813
0.256011
0.480327
0.000000
0.448346
0.000000
0.000000
0.000000
0.096315
0.191499
0.095754
0.159932
0.000000
0.031616
0.032246
0.159578
0.000000
0.000000
0.000000
0.064187
0.000000
0.000000
0.063498
0.000000
0.000000
0.000000
0.000000
0.256089
0.000000
0.000000
0.287854
0.095990
0.127440
0.095872
0.000000
0.000000
0.063862
0.063980
0.000000
0.095715
0.423289
0.000000
0.127558
0.000000
0.063705
0.031557
0.000000
0.287736
0.000000
0.000000
0.000000
0.000000
0.000000
0.000000
0.000000
0.801085
0.031045
0.000000
0.000000
0.000000
0.127322
0.000000
0.000000
0.095833
0.000000
0.000000
0.000000
0.063705
0.063616
0.000000
0.000000
0.672711
0.768625
0.288227
0.000000
0.000000
0.095557
0.256374
0.031400
0.000000
0.000000
0.000000
0.000000
0.000000
0.255657
0.000000
0.000000
0.000000
0.224315
0.031606
0.031360
0.000000
0.095587
0.000000
0.000000
0.000000
0.064226
0.191627
0.127509
0.000000
0.063577
0.000000
0.127961
0.000000
0.000000
0.000000
0.000000
0.000000
0.672350
0.000000
0.000000
0.000000
0.159253
0.032560
0.000000
0.000000
0.031537
0.000000
0.000000
0.191539
0.000000
0.031203
0.031892
0.195320
0.031321
0.000000
0.000000
0.000000
0.000000
0.032089
0.000000
0.000000
0.672721
0.000000
0.000000
0.000000
0.000000
0.064217
0.159371
0.000000
0.063449
0.000000
0.095921
0.000000
0.000000
0.162800
0.063085
0.000000
0.000000
0.031360
0.000000
0.256011
0.000000
0.544475
0.000000
0.000000
0.000000
0.095548
0.223677
0.000000
0.000000
0.000000
0.000000
0.000000
0.065110
0.063252
0.032128
0.000000
0.000000
0.000000
0.063459
0.000000
0.064108
0.063656
0.191666
0.096197
0.000000
0.031774
0.000000
0.063774
0.032010
0.063626
0.031488
0.000000
0.000000
0.620766
0.510858
0.000000
0.095272
0.769553
0.543936
0.288149
0.512416
0.031695
0.000000
0.000000
0.416062
0.031941
0.000000
0.095479
0.480562
0.000000
0.000000
0.000000
0.063577
0.000000
0.000000
0.000000
0.223765
0.031724
0.223834
0.000000
0.127843
0.000000
0.000158
0.000000
0.095833
0.000000
0.000000
0.000000
0.000000
0.000000
0.000000
0.095754
0.000000
0.063528
0.195480
0.000000
0.128403
0.000000
0.288100
0.031724
0.031409
0.000000
0.000079
0.063331
0.063833
0.000000
0.000000
0.000000
0.098349
0.000000
0.063498
0.000000
0.000000
0.095951
0.000000
0.000000
0.097660
0.063695
0.063016
0.228070
0.224040
0.000000
0.000000
1.122162
0.000000
0.000000
0.000000
0.063774
0.095636
0.000000
0.000000
0.000000
0.319953
0.000000
0.000000
0.000000
0.000000
0.000000
0.448435
0.031488
0.000000
0.000000
0.031567
0.000000
0.864793
1.106849
0.000000
0.000000
0.000000
0.031892
0.000000
0.063823
0.031803
0.095390
0.000000
0.095184
0.000000
0.000000
0.000000
0.064148
0.352198
0.000000
0.096512
0.000000
0.000000
0.160099
0.000000
0.158840
0.000000
0.000000
0.000000
0.192217
0.358130
0.065260
0.000000
0.319953
0.000000
0.031606
0.128118
0.000000
0.063852
0.000000
0.480327
0.000000
0.000000
0.000000
0.095990
0.000000
0.191588
0.000000
0.000000
0.000000
0.031419
0.000000
0.000000
0.480650
0.095587
0.130200
0.095872
0.223844
0.000000
0.000000
0.673063
0.000000
0.000000
0.000000
0.063774
0.000000
0.288139
0.000000
0.063852
0.000000
0.000000
0.066409
0.000000
0.000000
0.260460
0.287864
0.768987
0.000000
0.224679
0.000000
0.000000
0.000000
0.000000
0.000000
0.000000
0.127607
0.031616
0.160413
0.000000
0.000000
0.097700
0.000000
0.000000
0.223667
0.480405
0.160256
0.000000
0.000000
0.000000
0.288492
0.000000
0.000000
0.000000
0.000000
0.063695
0.000000
0.001044
0.000000
0.000000
0.127961
0.031646
0.000364
0.000000
0.000040
0.000000
0.095902
0.000000
0.031685
0.000000
0.095577
0.000000
0.000000
0.000000
0.224079
0.063852
0.000000
0.000000
0.063784
0.000000
0.159568
0.097790
0.000000
0.000000
0.287982
0.032177
0.000000
0.000000
0.031685
0.000000
0.223804
0.000000
0.000000
0.000000
0.000000
0.319864
0.256374
0.000000
0.000000
0.031606
0.000000
0.130567
0.000000
0.000000
0.128276
0.159607
0.000000
0.064148
0.063370
0.000000
0.162760
0.063469
0.000000
0.000000
0.000000
0.000000
0.157857
0.223627
0.000000
0.000000
0.000000
0.031813
0.031843
0.000000
0.127725
0.000000
0.448435
0.000000
0.063587
0.383963
0.000000
0.224276
0.383728
0.163010
0.000000
0.031567
0.000000
0.162301
0.189613
0.159686
0.031705
0.000000
0.000000
0.031606
0.000000
0.095626
0.031852
0.000000
0.031724
0.000000
0.000000
0.000000
0.416620
0.000000
0.000000
0.031449
0.000000
0.000000
0.031518
0.127764
0.000000
0.031892
0.031360
0.000000
0.256119
0.000000
0.000000
0.000000
0.000000
0.159607
0.576524
0.000000
0.000000
0.000000
0.000000
0.127066
0.000000
0.031518
0.000000
0.000000
0.000040
0.127361
0.031803
0.227950
0.000000
0.000000
0.000000
0.576201
0.223706
0.000000
0.000000
0.064266
0.127469
0.063626
0.448160
0.000000
0.000000
0.000000
0.096197
0.159411
0.000000
0.000000
0.031400
0.095882
0.000000
0.031606
0.000000
0.000000
0.031488
0.000000
0.063695
0.000000
0.000000
0.128128
0.000000
0.063410
0.000000
0.095754
0.000000
0.066739
0.061934
0.000000
0.000000
0.512171
0.000000
0.063971
0.000000
0.096000
0.000900
0.062613
0.000000
0.000000
0.159892
0.000000
0.000000
0.031419
0.095902
0.000000
0.223912
0.000158
0.000000
0.000000
0.000000
0.191902
0.544710
0.000000
0.000000
0.000000
0.161672
0.000000
0.000000
0.063459
0.000000
0.062987
0.000000
0.000000
0.160020
0.000000
0.064217
0.127322
0.000000
0.000000
0.065100
0.063626
0.000000
0.195400
0.095223
0.000000
0.063213
0.032217
0.000000
0.287854
0.352120
0.320276
0.000000
0.000000
0.000000
0.191873
0.320070
0.159764
0.000000
0.000000
0.544073
0.000000
0.159411
0.000000
0.000000
0.383934
0.128167
0.000000
0.000000
0.063695
0.127204
0.000000
0.223480
0.063734
0.031528
0.000000
0.031360
0.096315
0.000000
0.416346
0.127872
0.000000
0.000000
0.031498
0.000210
0.351953
0.000000
0.000000
0.000000
0.000000
0.159932
0.063852
0.000000
0.063616
0.000000
0.000000
0.031281
0.000000
0.000000
0.000000
0.000000
